[gd_scene load_steps=6 format=3 uid="uid://qmgdc71vuqsh"]

[ext_resource type="Script" path="res://AI2.gd" id="1_jjxej"]
[ext_resource type="PackedScene" uid="uid://bap1wvkmrt0ga" path="res://CAR Model.glb" id="2_kcp50"]

[sub_resource type="StandardMaterial3D" id="StandardMaterial3D_svesv"]
albedo_color = Color(0.0117647, 0, 0, 1)

[sub_resource type="CylinderMesh" id="CylinderMesh_ecubo"]
material = SubResource("StandardMaterial3D_svesv")
top_radius = 0.4
bottom_radius = 0.4
height = 0.25
radial_segments = 12

[sub_resource type="BoxShape3D" id="BoxShape3D_a824i"]
size = Vector3(1.53845, 0.845459, 4.89752)

[node name="car" type="VehicleBody3D"]
transform = Transform3D(-0.729299, 0.0215339, -0.683856, 0.0267438, 0.999638, 0.0029565, 0.683672, -0.0161322, -0.72961, 540.033, 23.7909, 61.3254)
script = ExtResource("1_jjxej")

[node name="rearRight" type="VehicleWheel3D" parent="."]
transform = Transform3D(0.783315, 0.0126085, 0.16204, -0.0127562, 0.799897, -0.000575442, -0.162028, -0.00202033, 0.783419, 0.365372, -0.103901, -2.16202)
use_as_traction = true
wheel_radius = 0.3

[node name="MeshInstance3D2" type="MeshInstance3D" parent="rearRight"]
transform = Transform3D(-3.81842e-08, -0.9, 2.08616e-07, 0.9, -4.74975e-08, 7.45058e-08, -1.49012e-07, 4.32134e-07, 0.9, -0.0641327, 0.0280304, 0.00731277)
mesh = SubResource("CylinderMesh_ecubo")

[node name="rearLeft" type="VehicleWheel3D" parent="."]
transform = Transform3D(0.783281, 0.0123048, 0.16223, -0.0125659, 0.7999, 0, -0.16221, -0.00254819, 0.78338, -1.66723, -0.0306091, -1.69559)
use_as_traction = true
wheel_radius = 0.3

[node name="MeshInstance3D2" type="MeshInstance3D" parent="rearLeft"]
transform = Transform3D(-5.30854e-08, -0.9, -7.45058e-08, 0.9, -3.81842e-08, -9.68575e-08, 7.45058e-08, 1.78814e-07, 0.9, 0.129822, -0.00760269, 0.0011158)
mesh = SubResource("CylinderMesh_ecubo")

[node name="frontRight" type="VehicleWheel3D" parent="."]
transform = Transform3D(0.783282, 0.0123048, 0.16223, -0.0125659, 0.799901, 0, -0.16221, -0.0025482, 0.783379, 0.796539, 0.095047, 0.591825)
use_as_steering = true
wheel_radius = 0.3

[node name="MeshInstance3D" type="MeshInstance3D" parent="frontRight"]
transform = Transform3D(-3.93403e-08, -0.9, -6.70552e-09, 0.9, -3.93403e-08, 6.70552e-09, -6.70552e-09, -6.70552e-09, 0.9, 0.0688171, 0.0138702, -0.000801086)
mesh = SubResource("CylinderMesh_ecubo")

[node name="frontLeft" type="VehicleWheel3D" parent="."]
transform = Transform3D(0.783282, 0.0123048, 0.16223, -0.0125659, 0.799902, 0, -0.16221, -0.0025482, 0.783379, -1.00961, 0.109074, 0.989759)
use_as_steering = true
wheel_radius = 0.3

[node name="MeshInstance3D" type="MeshInstance3D" parent="frontLeft"]
transform = Transform3D(-3.93403e-08, -0.9, -6.70552e-09, 0.9, -3.93403e-08, 6.70552e-09, -6.70552e-09, -6.70552e-09, 0.9, 0.0688171, 0.0138702, -0.000801086)
mesh = SubResource("CylinderMesh_ecubo")

[node name="Camera3D" type="Camera3D" parent="."]
transform = Transform3D(-0.9845, 0.0262739, -0.17341, 0.0174285, 0.998477, 0.052336, 0.174521, 0.0485024, -0.983459, -1.56671, 2.16466, -7.56763)
current = true

[node name="CAR Model" parent="." instance=ExtResource("2_kcp50")]
transform = Transform3D(0.00979261, 0.000112683, 0.00202299, -0.000310936, 0.00994984, 0.000950939, -0.0020021, -0.000994113, 0.00974699, -0.0826111, -0.277657, -0.199005)

[node name="CollisionShape3D" type="CollisionShape3D" parent="."]
transform = Transform3D(0.977444, 0.00383908, 0.211251, -0.0171088, 0.998024, 0.0610255, -0.210589, -0.063263, 0.97556, -0.297516, 0.25821, -0.496063)
shape = SubResource("BoxShape3D_a824i")
